Echo 1
0.194769 2.70854 -0.465901 
0.228645 2.28998 -0.432123 
0.280497 2.20495 -0.290364 
0.349694 2.30207 -0.42 
0.60208 2.24183 -0.54909 
0.227946 2.83015 -0.31665 
0.234966 2.42517 -0.26085 
0.271438 2.44085 -0.606795 
0.165322 2.00071 -0.666581 
0.326502 1.80345 -0.610328 
0 1.86275 -0.666048 
0.793403 2.21097 -0.747741 
0.556323 1.80712 -0.592497 
0.521241 1.98288 -0.743414 
0.771254 1.75833 -0.88117 
0.469034 2.2027 -0.46668 
-0.296706 1.96199 -0.555467 
-0.298761 1.81133 -0.578794 
-0.450027 1.75406 -0.620562 
-0.623796 2.33806 -0.684248 
0 2.11852 -0.520392 
-0.17164 1.80815 -0.752741 
-0.215552 2.11894 -0.539484 
-0.317674 2.53607 -0.164261 
-0.539037 2.50801 -0.383396 
-0.312012 2.46811 -0.320599 
-0.390661 2.3743 -0.375854 
-0.486679 2.60706 -0.509263 
-0.18032 2.38097 -0.192595 
-0.249601 2.58818 -0.408156 
-0.532552 2.24761 -0.287336 
-0.703186 2.12392 -0.2006 
-0.727413 2.15758 -0.480559 
-0.584267 1.67431 -0.0151462 
-0.52595 1.97268 -0.523156 
-0.60323 2.27008 -0.690067 
-0.662972 2.01397 -0.491321 
-0.55989 1.73624 -0.623639 
-0.461173 2.3121 -0.589413 
-0.52119 1.76547 0.249989 
-0.63293 2.19065 0.407103 
-0.639505 1.80768 0.464259 
-0.55609 1.8195 0.536654 
-0.564722 2.31154 -0.0154116 
-0.616649 2.1395 0.182206 
-0.517142 2.32712 0.253784 
0.341037 2.66762 0.13359 
0.376874 2.09573 0.182609 
0.308275 2.40281 0.270031 
0.338202 2.24555 0.348622 
0.700228 2.08151 0.838793 
0.252884 2.90661 0.220348 
0.232284 2.2925 0.216209 
0.620924 2.22594 0.25167 
0.649547 2.00073 0.157698 
0.597959 2.06391 0.376331 
0.566108 1.87884 -0.0172646 
0.646445 2.34215 0.588551 
0.551648 2.02001 0.58177 
0.777658 1.71039 0.556851 
0.619242 1.79617 0.596693 
0.546854 2.17865 0.447503 
0.684332 2.13116 -0.317345 
0.76176 1.95686 -0.316917 
0.585158 1.69254 -0.447607 
0.568901 1.99899 -0.662613 
0.509001 2.05064 -0.0162153 
0.572271 1.67732 -0.162288 
1.02344 2.04973 -0.435116 
-0.140933 2.33665 0.286961 
-0.502641 2.03418 0.856769 
-0.279471 2.20461 0.265917 
-0.351518 2.38269 0.319177 
-0.376729 2.02883 0.362377 
-0.199365 2.71148 0.204265 
-0.277146 2.62171 0.243274 
-0.304307 2.17399 0.524322 
-0.205864 1.72682 0.695295 
-0.322002 2.00627 0.599787 
0 2.17862 0.896869 
-0.659303 2.24618 0.639462 
-0.604596 2.28792 0.573378 
-0.47948 1.80879 0.621186 
-0.696591 2.03494 0.688112 
-0.439122 2.00678 0.406684 
0.261171 1.89953 0.51037 
0.361895 2.06162 0.640749 
0.610847 2.14693 0.792693 
0.556882 1.82371 0.518661 
0 2.29144 0.775376 
0.15913 1.80254 0.603716 
0.220282 2.27299 0.445087 
0.216944 2.25314 -0.488074 
0.31112 2.10448 -0.534 
0.402027 1.99599 -0.384 
0.40973 1.98548 -0.481542 
0.558509 1.82337 -0.505496 
0.254069 2.02251 -0.274089 
0.31463 1.87719 -0.309932 
0.329871 1.66583 -0.683189 
0.21333 1.58425 -0.934748 
0.434595 1.58783 -0.911253 
0 1.81555 -0.937012 
0.577882 1.41647 -0.576987 
0.656651 1.3641 -0.785258 
0.580841 1.37154 -0.776878 
0.876022 1.57684 -0.975646 
0.55795 1.79899 -0.667999 
-0.338259 1.80152 -0.736628 
-0.40094 1.36203 -0.76582 
-0.542462 1.34126 -0.712901 
-1.01548 1.77635 -0.777465 
0 1.62805 -0.578405 
-0.212713 1.70226 -0.999746 
-0.282049 1.74941 -0.623173 
-0.35794 2.13417 -0.242436 
-0.515089 1.90725 -0.277352 
-0.423619 2.1149 -0.462365 
-0.487021 2.03551 -0.513755 
-0.559868 2.0896 -0.584739 
-0.255808 1.94985 -0.283511 
-0.329244 1.93989 -0.32984 
-0.688366 1.9248 -0.613734 
-0.704053 1.32816 -0.190764 
-0.876693 1.59341 -0.470572 
-0.835336 1.63522 -0.0237974 
-0.550137 1.42018 -0.590791 
-0.710008 1.49751 -0.725702 
-0.710383 1.45186 -0.634082 
-0.998165 1.49373 -0.949558 
-0.780246 1.71099 -0.862015 
-0.616359 1.34698 0.29696 
-0.816158 1.63722 0.381776 
-0.741622 1.65221 0.886696 
-0.868825 1.65723 0.850023 
-0.579852 1.55884 -0.0173898 
-0.674519 1.53391 0.208078 
-0.516247 1.57054 0.233634 
0.450635 2.25781 0.206709 
0.51102 1.76575 0.26732 
0.368438 1.93004 0.374872 
0.416244 1.65113 0.386512 
0.640244 1.99887 0.530167 
0.3532 2.33048 0.333701 
0.315729 2.0671 0.359344 
0.668058 1.87552 0.331088 
0.843052 1.47175 0.209334 
0.906191 1.59563 0.344306 
1.0515 1.73927 -0.0151692 
0.691064 1.64177 0.635311 
0.664774 1.45495 0.662132 
0.687355 1.27986 0.501838 
0.789034 1.38486 0.777428 
0.748981 1.70852 0.621335 
0.747806 1.65206 -0.360119 
0.81161 1.5465 -0.476297 
0.758228 1.80022 -0.643579 
0.645633 1.32147 -0.638513 
0.631174 1.6141 -0.0166084 
0.766457 1.26448 -0.207812 
0.571169 1.82963 -0.298643 
-0.268992 2.18691 0.411998 
-0.22721 1.64275 0.467281 
-0.35632 2.00212 0.358925 
-0.587794 2.15637 0.428206 
-0.452826 1.70557 0.48866 
-0.250733 1.95784 0.222987 
-0.317273 2.08088 0.273575 
-0.375407 1.93444 0.676677 
-0.262343 1.4813 0.90887 
-0.394011 1.78563 0.77828 
0 1.4586 0.723713 
-0.598243 1.48866 0.674254 
-0.613801 1.34757 0.596114 
-0.526532 1.26692 0.68256 
-0.864859 1.65513 0.829025 
-0.782373 1.67688 0.752739 
0.36191 1.87725 0.880848 
0.332077 1.38816 0.719806 
0.687492 1.59295 0.854273 
0.850373 1.83769 0.854865 
0 1.80281 0.682725 
0.175171 1.62673 0.838934 
0.348574 1.65004 0.603482 
0.238072 1.96489 -0.5388 
0.275667 1.2757 -0.544647 
0.683744 1.62443 -0.727959 
0.46367 1.42794 -0.481128 
0.676628 1.28337 -0.687784 
0.281716 1.54535 -0.298707 
0.447433 1.76116 -0.464774 
0.346433 1.12397 -0.781652 
0.241842 1.38213 -1.10649 
0.399591 0.90686 -0.858061 
0 0.976099 -0.97802 
0.691773 1.0686 -0.727443 
0.70847 1.01104 -0.870628 
0.701593 1.04789 -0.997178 
0.949373 1.04563 -1.02798 
0.960751 1.2428 -0.908205 
-0.511552 1.29964 -1.01326 
-0.452712 0.988418 -0.952683 
-0.709287 1.10131 -0.914465 
-0.822839 1.17593 -0.830935 
0 1.13409 -0.772911 
-0.286501 1.27262 -1.23919 
-0.311381 1.08188 -0.647346 
-0.519085 1.89733 -0.257592 
-0.637431 1.28569 -0.341143 
-0.52742 1.66305 -0.545764 
-0.633113 1.71133 -0.606411 
-0.710812 1.60185 -0.719899 
-0.362879 2.13519 -0.37363 
-0.478468 1.87351 -0.53593 
-0.983 1.38002 -0.607895 
-1.0696 1.04176 -0.288221 
-1.13373 1.2403 -0.568253 
-0.788208 0.938148 -0.0162672 
-0.811036 1.3386 -0.999312 
-0.968876 1.1722 -0.964419 
-1.21854 0.966768 -1.05499 
-0.790726 1.25267 -1.064 
-0.6317 1.41725 -0.760994 
-0.846745 1.00122 0.405459 
-0.96763 1.14453 0.411867 
-0.856812 0.929795 0.564233 
-0.988036 0.963803 0.822886 
-0.875976 1.29572 -0.0225181 
-0.819391 0.827671 0.17878 
-0.619405 1.18235 0.303211 
0.503326 1.83125 0.238675 
0.842187 1.70742 0.383379 
0.48234 1.80892 0.551684 
0.738356 1.62571 0.65209 
0.663807 1.65115 0.783683 
0.423816 1.91748 0.318705 
0.405449 1.85429 0.371703 
0.828521 1.1356 0.393862 
1.20785 1.19399 0.258708 
1.01011 1.22874 0.707953 
0.786173 0.86811 -0.015424 
0.888068 1.5931 0.639955 
0.768678 0.97484 0.755574 
0.851243 1.24414 0.877333 
1.03659 1.12182 0.94309 
0.634808 1.16356 0.619027 
0.823005 1.53092 -0.506969 
1.16123 1.32249 -0.519386 
0.803037 0.881443 -0.606721 
1.01166 1.19375 -1.21355 
1.03297 1.01348 -0.0206185 
0.886991 0.956048 -0.23639 
0.961129 1.58115 -0.456552 
-0.230461 1.84268 0.426007 
-0.262487 1.27404 0.530922 
-0.449849 1.43015 0.529658 
-0.557145 1.55675 0.64253 
-0.726938 1.61299 0.639486 
-0.275297 1.67831 0.286544 
-0.359953 1.51974 0.360698 
-0.335756 1.11272 0.848667 
-0.239596 1.0607 0.812472 
-0.547181 1.0895 1.07306 
0 1.02561 0.89625 
-1.13567 1.40327 0.727587 
-1.07102 1.25394 0.793424 
-0.595704 0.858206 0.807857 
-1.12548 1.06311 0.868654 
-0.713801 1.17073 0.651352 
0.409715 0.986651 0.751948 
0.554562 1.0818 0.814217 
0.83225 1.31446 0.988064 
0.824553 1.02196 0.761546 
0 1.46616 0.832012 
0.223146 1.00585 0.917354 
0.342455 1.66402 0.837798 
0.692756 1.22177 0.564499 
-0.186981 2.14353 0.304356 
0.779072 1.29853 -1.17713 
0.289463 1.61188 0.135746 
-0.685809 1.37439 0.576458 
-0.318287 1.67402 -0.170772 
-0.659859 1.22969 -0.653178 
0.221963 2.06734 -0.37733 
0.505422 1.69653 0.546318 
-0.146091 2.08358 0.277233 
0.584908 1.9504 -0.627022 
0.279004 2.1552 0.127353 
-0.537602 1.47398 0.508988 
-0.29629 2.4219 -0.168482 
-0.669239 1.85648 -0.616116 
0.144826 2.48755 -0.328226 
0.657331 2.17176 0.519756 
-0.0933882 2.44764 0.164872 
0.459951 2.2028 -0.476642 
0.195534 2.71376 0.0870279 
-0.463179 2.27272 0.408569 
-0.213994 2.50819 -0.134962 
-0.468136 1.98409 -0.48801 
0.101905 2.90466 -0.297955 
0.361683 2.46987 0.345065 
-0.0727327 2.9866 0.129636 
0.382199 2.86834 -0.40971 
0.125255 2.78758 0.0486877 
-0.40523 2.7996 0.369601 
-0.139926 2.91998 -0.0878892 
-0.414225 2.52203 -0.403826 
0.0665829 2.85378 -0.149135 
-0.262012 2.78985 -0.303238 
0.0427868 3.2841 -0.120269 
-0.297317 2.99046 0.254102 
-0.0900609 3.28477 -0.0616439 
0.33761 2.73297 -0.383044 
0.110694 3.4841 0.0333474 
0.281063 3.05902 0.244935 
-0.0440039 3.35122 0.0841846 
0.113298 2.89169 0.10339 
0.130006 3.22436 -0.147436 
-0.114403 2.89175 0.102283 
-0.133391 3.15747 -0.144995 
-0.20447 2.95744 -0.238507 
-0.18649 3.09671 0.180448 
0.185753 2.69336 -0.195516 
0.196344 3.03004 0.164519 
-0.259642 2.48116 -0.31018 
-0.236628 2.49158 0.237452 
0.230253 2.29099 -0.255335 
0.264549 2.88378 0.314486 
-0.318715 2.13593 -0.390149 
-0.33817 1.93893 0.290623 
0.725052 2.15992 -0.570516 
0.288358 1.81571 0.268569 
-0.377042 1.71286 -0.587909 
-0.423442 1.62707 0.416206 
0.342337 1.52882 -0.360649 
0.341018 1.4617 0.328947 
0.366699 2.68408 0.360709 
0.358455 2.48485 -0.372933 
-0.390233 2.54351 0.373894 
-0.371029 2.74942 -0.40679 
-0.551835 2.45407 -0.563702 
-0.615586 2.36008 0.546727 
0.545785 2.65939 -0.569109 
0.470874 2.07021 0.454236 
-0.584443 1.79491 -0.65229 
-0.671102 1.76312 0.614989 
0.705431 2.18904 -0.652975 
0.663312 1.83885 0.640414 
-0.721097 1.56641 -1.13997 
-0.728182 1.30327 0.684496 
0.740728 1.30105 -0.816273 
1.04372 1.50703 0.834125 
-0.958178 0.960682 -0.987155 
-1.00282 1.09117 1.01831 
0.896934 1.00847 -0.876582 
0.88775 1.07835 0.885899 
-0.0865126 0.875009 0.181789 
-0.106172 1.00897 0.12147 
-0.131176 0.964593 0.116249 
-0.122511 1.21017 -0.0930549 
-0.139132 1.36447 -0.150744 
-0.217743 1.3351 -0.233129 
0.217159 1.08826 -0.411457 
0.122203 1.03274 -0.121445 
0.107595 1.38952 -0.342341 
0.303541 1.4136 0.254867 
0.130848 0.897232 0.105163 
0.174338 1.01079 0.158222 
0.160271 0.697956 0.10082 
0.321017 0.549684 0.2108 
0.218403 0.781262 0.0832589 
0.125219 0.904475 -0.0423429 
0.153641 0.52128 0 
0.147852 0.521745 -0.0452808 
0.105439 1.01097 -0.0304934 
0.135794 1.0994 0 
0.122646 1.30087 -0.0354114 
0.0820649 0.503745 -0.116132 
0.213014 0.872315 -0.325491 
0.11197 0.453954 -0.130022 
-0.0279076 0.500245 -0.123939 
-0 0.650113 -0.18806 
-0.0283905 0.392756 -0.117662 
-0.0314005 1.542 -0.156901 
-0 1.10037 -0.126077 
-0.0390847 1.09531 -0.160506 
-0.114515 0.460345 -0.0945379 
-0.112775 0.635058 -0.1343 
-0.3406 0.562863 -0.313632 
-0.156665 0.901509 0.0436644 
-0.164033 0.517958 0 
-0.111401 0.394317 0.0291881 
-0.149596 0.961098 0.0359646 
-0.242759 1.46024 0 
-0.153273 1.43259 0 
-0.116882 0.844766 0.232408 
-0.201385 1.09375 0.168549 
-0.315766 0.828682 0.349079 
0.0611204 1.08972 0.23794 
-0 0.722106 0.172897 
0.0929966 0.766139 0.395989 
0.0343494 1.21115 0.101745 
-0 0.833652 0.110735 
0.0485127 1.36324 0.171291 
0.0276934 0.791067 0.111514 
-0 0.880457 0.130396 
0.052682 0.694494 0.231934 
0.0834951 0.723199 0.115403 
0.0607203 0.813428 0.127872 
0.0912921 0.880244 0.132615 
0.101835 1.34262 0.135934 
0.267208 1.2994 0.436588 
0.0846361 1.0895 0.191154 
0.0536788 0.412696 0.140344 
-0 0.580837 0.469443 
0.0553361 0.236388 0.125697 
0.0817491 0.1575 0.148722 
0.151746 0.664866 0.191785 
0.309892 0.642588 0.401876 
0.0879619 0.390477 0.124888 
0.054968 0.500809 0.122072 
0.091614 0.648021 0.18536 
-0.189252 0.459607 0.107532 
-0.333138 0.131786 0.333131 
-0.110731 0.163739 0.114537 
-0.0764159 0.656024 0.254377 
-0.310152 0.440248 0.614626 
-0.0778611 0.760855 0.230464 
-0.0614064 1.10071 0.169719 
-0.0686006 0.652732 0.17571 
-0.0314428 0.651738 0.334414 
-0.156837 1.2125 0.0432077 
-0.135543 0.989671 0 
-0.103059 0.615177 0 
-0.126137 0.609369 0.088633 
-0.266826 0.683691 0.153115 
-0.126533 0.81288 0.0714836 
-0.112223 0.832542 0.0883899 
-0.139559 1.47586 0.0773742 
-0.129918 1.0994 0.0692999 
-0.146704 0.343071 0.0351813 
-0.229398 0.341693 0 
-0.268703 0.313193 0.047622 
-0.275028 0.682207 0.2752 
-0.153539 0.274164 0.148239 
-0.253386 0.381312 0.194767 
-0.158198 0.477841 0.195359 
-0.184816 0.828206 0.0795214 
-0.210052 0.839877 0.154225 
-0.389333 0.302712 -0.275361 
-0.213143 0.595627 -0.170117 
-0.526466 0.499507 -0.254176 
-0.664053 0.403099 -0.100619 
-0.578222 0.433047 -0.206362 
-0.52363 0.617377 -0.0985189 
-0.114337 0.393327 -0.0323915 
-0.11715 0.502779 -0.0502146 
-0.343196 0.796452 -0.126218 
-0.0286132 0.717007 -0.129576 
-0 0.813901 -0.125924 
-0.033667 0.794514 -0.200932 
-0.0973019 0.989489 -0.134097 
-0.117842 1.1788 -0.304544 
-0.0869478 0.681046 -0.112086 
-0.090376 1.07601 -0.125301 
-0.0548064 0.900941 -0.109326 
-0.0807622 0.834086 -0.110312 
-0.0838069 0.681266 -0.129067 
-0 0.333548 -0.582021 
-0.0352641 0.210458 -0.270364 
-0.110755 0.488065 -0.296818 
-0.0581267 0.174008 -0.112846 
-0.140423 0.254447 -0.316724 
-0.110144 1.10074 -0.174633 
-0.050136 0.721642 -0.175283 
-0.212654 0.833463 -0.206848 
0.108042 0.34842 -0.21667 
0.170018 0.405996 -0.0984838 
0.254236 0.377996 -0.350099 
0.0471974 0.408892 -0.59598 
0.304171 0.452555 -0.416937 
0.0671645 0.750771 -0.275765 
0.0516575 0.961511 -0.201073 
0.0951143 0.763353 -0.262726 
0.0345269 0.395096 -0.09795 
0.159205 1.25502 -0.0437286 
0.147642 0.810702 0 
0.230971 0.995809 -0.0379919 
0.220571 0.953283 -0.17532 
0.119463 0.946933 -0.0798437 
0.241481 1.12367 -0.174703 
0.166757 1.40685 -0.0994748 
0.10384 0.834379 -0.0547208 
0.113125 0.833988 -0.0776016 
0.159666 0.408628 -0.0443837 
0.443224 0.31163 0 
0.200457 0.416636 -0.10435 
0.366034 0.664093 -0.205922 
0.28599 0.494151 -0.234976 
0.199945 0.187861 -0.121115 
0.265079 0.801741 -0.119493 
0.117162 0.392354 -0.0582341 
0.277754 0.899273 -0.140354 
0.1996 0.633534 0.0996997 
0.271332 0.548094 0.651454 
0.448669 0.670672 0.17994 
0.388491 0.664551 0.06807 
0.387462 0.403761 0.26686 
0.427665 0.523051 0.0941474 
0.126523 0.894222 0.122908 
0.211316 0.849709 0.0745237 
0.16697 0.516255 0.0400734 
0.130394 0.677926 0.0916519 
0.147092 1.18778 0.140952 
0.106078 0.614195 0.107416 
0.299157 1.14736 0.0947908 
0.137426 0.877718 0.0850827 
0.312506 0.884957 0.0545009 
0.164495 1.40693 0.039555 
0.103766 1.03472 0.056476 
0.118905 0.899896 0.0252539 
0.291686 1.07875 -0.348346 
0.217435 0.845491 -0.191509 
0.0916286 0.746508 -0.126352 
0.0323755 0.719061 -0.1246 
0.0675636 0.812824 -0.129684 
0.0245978 0.747933 -0.115513 
0.0254511 0.944546 -0.101484 
0.125336 1.35566 -0.193277 
0.0300995 1.4313 -0.166782 
-0.164443 0.80574 -0.109126 
-0.189872 1.03996 -0.175481 
-0.120748 0.940312 -0.176214 
-0.147684 0.919985 -0.0401296 
-0.107917 0.614474 -0.0534157 
-0.105765 0.814658 -0.0423667 
-0.216678 1.35632 -0.0315178 
-0.165933 1.13332 -0.0849051 
-0.135632 1.29949 -0.0769183 
-0.121162 0.999967 0.211956 
-0.132574 0.91965 0.139114 
-0.157342 1.06891 0.199455 
-0.0277639 1.05638 0.138619 
-0.122711 0.989628 0.231851 
-0.0478585 1.07237 0.196303 
-0.0316914 1.13956 0.149299 
-0.155445 1.3249 0.294862 
-0.0515986 1.29539 0.174131 
-0.119024 0.689511 0.282693 
-0 1.05796 0.118073 
-0 1.40893 0.148271 
-0.0589056 1.09581 0.211433 
-0 1.08101 0.277409 
-0.22709 0.79555 0.199116 
-0.241225 0.681247 0.537895 
-0.178822 1.25096 -0.098043 
-0.130664 1.20969 -0.0273792 
-0.639632 0.824761 -0.0711227 
-0.631351 0.713695 0 
-0.157691 0.765049 -0.115658 
-0.151078 1.12118 -0.110399 
0.0893742 1.1835 -0.182515 
-0 0.973717 -0.344152 
-0 1.00586 -0.135688 
0.0666419 0.50067 -0.115915 
-0 0.512318 -0.209281 
0.253385 1.06484 -0.266901 
0.123127 0.789185 0.0564473 
0.169374 1.2542 0 
0.221491 1.25842 0 
0.156957 0.696597 0.0842798 
0.289287 0.864586 0 
0.191313 0.635465 0.252145 
0.138029 0.785898 0.0911534 
0.164697 0.326617 0.0918013 
0.131134 0.277253 0 
0.350279 -0.000529768 0.359347 
0.225494 -0.000182271 0.0633499 
0.43128 -0.00153446 -0 
0.224527 -0.000465188 0.616047 
0.215529 -0.000141024 0.145018 
0.126679 0.325246 0.151063 
0.391977 0.554457 -0.187121 
0.272303 0.803949 -0.267212 
0.134356 0.345294 -0.12267 
0.250497 1.08071 -0.194459 
0.308045 -0.000579476 -0.61099 
0.2477 -0.000172927 -0.211551 
0.396786 0.55987 -0.35876 
0.124407 -0.000133503 -0.228634 
0.428911 -0.000325636 -0.0641818 
0.136397 1.25716 -0.0579795 
0.1379 1.29939 -0.124583 
0.118549 1.32054 -0.173264 
0.115494 1.27675 -0.123953 
0.163284 0.830295 -0.0997567 
0.127069 0.991463 -0.242504 
0.191532 0.581844 -0.189248 
-0 0.649514 -0.413345 
0.330775 -0.000592107 -0.550758 
0.0294452 -0.000237039 -0.297891 
-0 -0.000855801 -0.297951 
0.12228 -0.000141912 -0.16002 
0.384468 -0.000231837 -0.45095 
-0.176398 0.591537 -0.170761 
-0.14744 0.450382 -0.123269 
-0.221827 0.472805 -0.381599 
-0.229597 0.873397 -0.206121 
-0.273543 -0.000144361 -0.654342 
-0.338248 -0.00062392 -0.641435 
-0.130371 0.158073 -0.130369 
-0.470505 -0.00026842 -0.479592 
-0.170977 -0.000121924 -0.470163 
-0.0737658 0.920334 -0.141774 
-0.114107 0.966188 -0.121374 
-0.126021 0.921562 -0.131157 
-0.0825708 0.963326 -0.189296 
-0.105869 0.614084 -0.108315 
-0.550586 0.323135 -0.311298 
-0.251727 0.799392 0 
-0.608189 -0.000172142 -0.364662 
-0.721262 -0.00127254 -0.260979 
-0.564619 -0.000288978 -0 
-0.222882 -0.000232485 -0.406989 
-0.226818 -0.000152933 -0.122986 
-0.581976 0.565488 0.126214 
-0.317145 0.663514 0.111441 
-0.137197 0.338078 0.144437 
-0.12426 0.895158 0.169378 
-0.224169 -0.000547024 0.28388 
-0.29473 -0.000333037 0.258826 
-0.230894 -0.00064787 0.475211 
-0.438677 0.471356 0.434243 
-0.393496 -0.000400028 0.178645 
-0.151004 0.851478 0.0945198 
-0.147241 1.25487 0.141175 
-0.117913 0.831375 0.105551 
-0.315389 1.35814 0.167211 
-0.307722 0.925172 0.380056 
-0.122847 0.746374 0.115487 
-0.154876 0.986869 0.0290547 
-0.113518 0.690676 0.463688 
-0 0.383043 0.212981 
-0.299375 -0.000480001 0.715805 
-0.035032 -0.000215522 0.230866 
-0 -8.4e-05 0.764617 
-0.241048 -0.000316646 0.542136 
-0.181422 -0.000239341 0.181271 
0.329126 0.372161 0.370063 
0.168909 0.519701 0.224104 
0.381813 0.540434 0.284494 
0.119729 0.749582 0.214723 
0.699763 -0.0024266 0.242571 
0.18702 -0.000205973 0.344302 
0.480117 0.515451 0.463654 
0.641618 -0.000585332 0.483788 
0.124926 -0.000720719 0.62174 
0.0498974 0.723157 0.114026 
0.12628 0.897583 0.113476 
0.263246 1.22679 0.196375 
0.13607 1.47594 0.129346 
0.326079 1.06297 0.152763 
0.101611 0.947151 0.132993 
0.0613573 1.20958 0.129577 
-0.310825 0.675394 0.42473 
-0.0986756 0.944607 0.0266752 
-0.135729 0.54303 -0.146442 
-0.0708552 1.54269 -0.14401 
0.235501 0.730926 -0.371569 
0.208303 1.3982 -0.0894358 
0.179818 1.46997 0.102294 
0.418505 1.00556 -0.345358 
0.0593728 0.943821 -0.0990801 
-0.08672 1.19849 0.181386 
-0.108335 1.14156 0.123504 
-0.0996804 0.943966 -0.107296 
0.1879 1.53171 -0.192762 
0.126757 1.07307 0.131241 
-0.181737 1.46805 -0.1672 
-0.10386 1.07697 0.117109 
Echo 2
0.16898 2.72376 -0.416648 
0.190272 2.0958 -0.396836 
0.414943 2.77359 -0.43246 
0.395996 2.56573 -0.452534 
0.448243 2.48936 -0.419231 
0.247712 2.97395 -0.257138 
0.314124 2.88136 -0.326877 
0.277729 2.11389 -0.530501 
0.157065 2.07798 -0.598886 
0.434084 1.9293 -0.763602 
0 2.12274 -0.729027 
0.633094 2.29105 -0.529467 
0.750709 2.1157 -0.760389 
0.545995 1.81543 -0.91919 
0.628565 1.69888 -0.649152 
0.538198 2.31545 -0.527456 
-0.277511 1.7591 -0.548798 
-0.331969 2.07429 -0.614515 
-0.434055 1.69189 -0.602092 
-0.563796 1.81487 -0.570209 
0 2.2457 -0.568752 
-0.143659 1.67827 -0.583126 
-0.284675 2.4662 -0.503475 
-0.277886 2.5384 -0.170001 
-0.387721 2.16222 -0.206885 
-0.334885 2.52796 -0.35532 
-0.408098 2.28194 -0.43522 
-0.512777 2.32727 -0.464057 
-0.17904 2.5127 -0.217147 
-0.24147 2.48654 -0.296149 
-0.514505 2.04363 -0.302443 
-0.592446 1.87592 -0.177725 
-0.626072 2.004 -0.341091 
-0.663522 1.92907 -0.014706 
-0.545054 2.1003 -0.561627 
-0.595957 2.23538 -0.784206 
-0.823554 2.15787 -0.565715 
-0.847496 1.91275 -0.786171 
-0.442597 1.93621 -0.438549 
-0.528562 1.83159 0.255196 
-0.580703 2.00931 0.308991 
-0.656136 1.79108 0.487263 
-0.705908 2.00318 0.671773 
-0.635263 1.89095 -0.0187784 
-0.60835 1.93932 0.167618 
-0.44075 1.93707 0.200407 
0.332908 2.73461 0.159309 
0.385591 2.09531 0.176849 
0.346114 2.79534 0.347155 
0.375597 2.30869 0.346487 
0.496153 2.58597 0.554268 
0.225581 2.91067 0.207212 
0.329785 2.59601 0.320944 
0.774796 2.17598 0.410012 
0.780842 2.09557 0.170422 
0.653838 1.78557 0.298965 
0.62728 1.87026 -0.0161542 
0.61992 2.20736 0.581274 
0.681205 2.10697 0.650591 
0.677471 2.18124 0.613415 
0.772045 2.0974 0.608979 
0.520524 2.46359 0.458907 
0.534849 1.89579 -0.304606 
0.615088 1.64674 -0.3091 
0.659 1.9272 -0.554853 
0.556277 1.93966 -0.63491 
0.526538 2.18287 -0.0174492 
0.888739 2.18227 -0.261404 
0.495892 2.26585 -0.258857 
-0.140379 2.33796 0.276301 
-0.19659 2.62722 0.413054 
-0.283312 2.20445 0.262179 
-0.376797 2.64689 0.348398 
-0.478513 2.32356 0.487674 
-0.194492 2.51335 0.171684 
-0.248094 2.8919 0.246304 
-0.291976 2.2839 0.635638 
-0.15032 1.86257 0.636543 
-0.380584 1.94083 0.749914 
0 2.20738 0.621514 
-0.490039 1.84728 0.464345 
-0.591833 1.99194 0.63692 
-0.479427 2.08352 0.642038 
-0.613171 1.85774 0.856468 
-0.750631 2.29469 0.670294 
0.259748 1.7647 0.512977 
0.366505 2.02977 0.734829 
0.464335 1.88814 0.598297 
0.527903 1.76126 0.518194 
0 1.92076 0.45939 
0.157652 2.13543 0.64729 
0.359971 2.39448 0.791278 
0.37979 2.03223 -0.552378 
0.253447 2.04234 -0.539241 
0.460506 2.16348 -0.509472 
0.551817 2.09769 -0.459473 
0.586036 1.94626 -0.560779 
0.286111 2.42235 -0.289921 
0.356734 2.33922 -0.374668 
0.312742 1.54523 -0.627952 
0.18716 1.51243 -0.795989 
0.446735 1.44224 -0.69574 
0 1.53755 -1.16554 
0.663602 1.37186 -0.616591 
0.882976 1.64597 -0.880138 
0.516843 1.50055 -0.863008 
0.883406 1.81607 -0.802741 
0.706791 1.99396 -0.583894 
-0.326855 1.35774 -0.795677 
-0.335664 1.25595 -0.708793 
-0.528989 1.25868 -0.717756 
-0.737016 1.67334 -0.828562 
0 1.73744 -0.696943 
-0.18334 1.43881 -0.794942 
-0.258362 1.67841 -0.623657 
-0.458829 1.97614 -0.231886 
-0.60783 1.78524 -0.476984 
-0.358746 1.79733 -0.384041 
-0.547058 1.84735 -0.663637 
-0.51316 1.81509 -0.581718 
-0.247009 2.48357 -0.35659 
-0.343929 2.0764 -0.309244 
-0.717171 1.93402 -0.340623 
-0.850971 1.47265 -0.190834 
-0.75444 1.86453 -0.374199 
-0.709818 1.53492 -0.0157753 
-0.601179 1.55258 -0.579695 
-0.777515 1.71344 -0.647103 
-0.995437 1.42944 -0.590469 
-1.07094 1.42446 -1.03306 
-0.668882 1.86204 -0.778228 
-0.623715 1.80156 0.411989 
-0.976935 1.62286 0.378716 
-0.703054 1.27097 0.499944 
-0.724662 1.62902 0.740575 
-0.673768 1.51421 -0.0173956 
-0.932081 1.73537 0.183772 
-0.709082 2.05346 0.372427 
0.40391 1.99733 0.167956 
0.536404 2.0386 0.258037 
0.373053 1.91512 0.41916 
0.400125 1.98676 0.448309 
0.546888 1.82103 0.506185 
0.247041 2.21873 0.291213 
0.346046 2.21115 0.286306 
0.991364 1.39713 0.385109 
0.914365 1.58027 0.240561 
0.832459 1.55776 0.371178 
0.823319 1.64012 -0.0274999 
0.710567 1.77453 0.670372 
0.69284 1.44062 0.662671 
0.846213 1.55153 0.613638 
0.752469 1.37514 0.670671 
0.55271 1.67338 0.588675 
0.881531 1.69001 -0.510943 
0.767926 1.84756 -0.481967 
0.764925 1.6132 -0.740286 
0.753775 1.77602 -0.747102 
0.881346 1.77512 -0.0189599 
1.01203 1.33533 -0.289206 
0.655575 1.86996 -0.334274 
-0.204177 2.19412 0.420578 
-0.34568 1.99769 0.759331 
-0.360975 2.00173 0.359022 
-0.496051 2.03587 0.474056 
-0.520116 1.90542 0.473409 
-0.233253 1.89323 0.218685 
-0.42164 2.11764 0.32937 
-0.288064 1.47733 0.59437 
-0.185944 1.40195 0.673317 
-0.450515 1.68349 0.839459 
0 1.55832 1.12178 
-0.644003 1.81268 0.598144 
-0.634241 1.68972 0.810835 
-0.753192 1.53999 0.987032 
-0.74236 1.615 0.842249 
-0.610044 2.08137 0.612034 
0.379711 1.70118 0.905214 
0.353438 1.32554 0.689398 
0.535672 1.60563 0.914018 
0.900646 1.76141 0.783347 
0 2.00558 0.70356 
0.247795 1.63078 0.947756 
0.254017 1.50402 0.491345 
0.259505 1.83671 -0.483516 
0.506981 1.68518 -0.601463 
0.440986 1.77647 -0.424246 
0.57856 1.5707 -0.633349 
0.599627 1.50342 -0.683242 
0.357556 1.92658 -0.393789 
0.50841 1.96954 -0.373804 
0.3883 1.34592 -0.925946 
0.213038 0.914806 -0.84759 
0.400302 0.854318 -0.813579 
0 1.00184 -1.12068 
0.685694 1.09348 -0.688873 
0.972688 1.27545 -0.956866 
0.716695 1.1274 -1.11093 
1.06199 0.930045 -0.997109 
0.602305 1.12063 -0.597277 
-0.381513 0.948564 -0.723491 
-0.755919 0.85731 -1.31722 
-0.578172 0.88055 -0.825829 
-0.763204 0.974937 -0.789881 
0 1.20119 -0.793462 
-0.211344 1.03359 -0.91211 
-0.310023 1.1041 -0.634117 
-0.678058 1.73099 -0.37873 
-0.632093 1.58465 -0.37266 
-0.652444 1.56633 -0.700942 
-0.516395 1.30336 -0.71617 
-0.970539 1.6191 -0.632276 
-0.32122 2.00717 -0.354736 
-0.497304 1.94204 -0.534948 
-0.666797 1.02929 -0.357687 
-0.956774 0.979541 -0.242474 
-1.16432 1.19433 -0.603137 
-1.35813 1.09417 -0.0171867 
-0.691173 1.16754 -0.826973 
-0.849 1.04926 -0.960791 
-0.807498 0.858394 -0.628211 
-0.80448 0.827974 -0.811409 
-0.608274 1.16864 -0.659498 
-0.931433 1.51317 0.394431 
-0.800691 0.857151 0.372041 
-0.847605 0.928962 0.594796 
-0.748489 1.06084 0.774922 
-0.675645 1.02939 -0.0151849 
-0.865595 0.974748 0.193825 
-0.642292 1.31207 0.329939 
0.410242 1.37689 0.184819 
0.571386 1.51238 0.388753 
0.438552 1.56391 0.454783 
0.551166 1.54135 0.499929 
0.602328 1.21347 0.741061 
0.29475 1.94056 0.332123 
0.359699 1.72568 0.362827 
1.04622 1.17581 0.39655 
1.28624 1.16654 0.36109 
0.797955 0.844283 0.400456 
1.18418 1.12622 -0.0217963 
1.14166 1.36375 0.814121 
0.806482 1.20265 0.732661 
0.834893 1.07898 0.763214 
1.0184 1.28271 0.998583 
0.743897 1.25535 0.626285 
0.744312 1.14394 -0.437359 
0.783967 0.866104 -0.411587 
0.830405 1.07469 -0.666858 
0.733852 1.13143 -1.10904 
0.678 1.02747 -0.0152168 
1.01085 0.879719 -0.234176 
0.615 1.58754 -0.374316 
-0.213264 1.44122 0.408994 
-0.261402 1.19666 0.540608 
-0.561168 1.571 0.504794 
-0.558821 1.46339 0.508504 
-0.819382 1.63546 0.659597 
-0.517953 2.05023 0.500951 
-0.47094 2.04351 0.399549 
-0.358422 1.09169 0.673708 
-0.292721 1.24744 0.86195 
-0.39497 1.01405 0.910353 
0 0.930234 0.796109 
-0.778365 1.52213 0.97551 
-0.929508 1.1515 0.875793 
-0.638306 0.98908 0.852066 
-0.837241 0.860916 0.832557 
-0.707212 1.62558 0.887745 
0.377892 1.25826 0.840242 
0.408032 0.832653 0.795339 
0.786986 1.12749 0.90565 
0.755281 1.05453 0.781609 
0 1.50972 0.89563 
0.248162 0.92536 0.973331 
0.329747 1.09447 1.224 
0.692073 1.402 0.731749 
-0.168067 1.80658 0.318529 
0.734245 1.49012 -0.677316 
0.390409 1.99894 0.161724 
-0.702311 1.18798 0.645629 
-0.301023 1.61059 -0.153663 
-0.895717 1.29278 -0.642016 
0.194112 1.8044 -0.339758 
0.52097 1.49801 0.487696 
-0.11679 1.89362 0.218338 
0.7769 1.99287 -0.743434 
0.314994 2.48709 0.135138 
-0.495975 1.50573 0.483611 
-0.232322 1.96048 -0.134622 
-0.541351 1.62164 -0.571405 
0.116447 1.89405 -0.242325 
0.547051 2.1474 0.542883 
-0.0922649 2.71223 0.203448 
0.535762 2.14559 -0.58518 
0.179927 2.381 0.0750469 
-0.548923 2.44223 0.547004 
-0.187075 2.51409 -0.108132 
-0.452285 1.90967 -0.554387 
0.111579 2.77752 -0.243779 
0.398789 2.86046 0.425558 
-0.0634006 2.92085 0.115313 
0.470621 2.92097 -0.430127 
0.146385 2.91925 0.0601418 
-0.342678 2.40541 0.335912 
-0.147932 3.11983 -0.0943433 
-0.349401 2.47208 -0.365305 
0.0730198 3.18722 -0.154303 
-0.265834 2.92549 -0.29126 
0.0461752 3.01772 -0.104741 
-0.3228 3.0519 0.288617 
-0.0859519 3.35156 -0.0602247 
0.338892 2.81347 -0.391066 
0.0798195 3.0183 0.0266736 
0.315606 3.18845 0.280709 
-0.0477832 3.41805 0.0792115 
0.132409 3.22437 0.115572 
0.12685 3.0912 -0.140682 
-0.126067 3.42507 0.1026 
-0.155609 3.28716 -0.17813 
-0.17219 2.76381 -0.195222 
-0.173699 2.69642 0.163927 
0.191329 3.16377 -0.200416 
0.183796 2.89701 0.167077 
-0.23339 2.35868 -0.255248 
-0.244616 2.42404 0.234559 
0.24549 2.49071 -0.26954 
0.312702 2.88059 0.304333 
-0.313519 2.01283 -0.321112 
-0.386429 2.13225 0.310561 
0.286288 1.81303 -0.313263 
0.316012 2.14334 0.325671 
-0.363168 1.52289 -0.376667 
-0.477691 1.75801 0.408581 
0.50822 1.7748 -0.556483 
0.547432 1.96409 0.593655 
0.40799 2.60922 0.373051 
0.690579 2.89502 -0.518571 
-0.359407 2.54797 0.373072 
-0.374828 2.61555 -0.3992 
-0.684176 2.61849 -0.610877 
-0.483519 2.47018 0.469739 
0.639462 2.23605 -0.749994 
0.6112 2.51267 0.509823 
-0.585362 1.66805 -0.600737 
-0.685189 2.18243 0.683759 
0.596265 1.73795 -0.600194 
0.580387 1.665 0.580428 
-0.664223 1.60329 -0.717134 
-0.745763 1.49009 0.783089 
0.770603 1.52839 -0.87018 
0.806783 1.38724 0.754025 
-1.04959 1.05719 -1.03428 
-0.994768 1.1656 1.05709 
1.07903 1.03 -1.22472 
1.09752 1.05464 0.942049 
-0.0814621 0.833937 0.110902 
-0.123408 1.14266 0.118113 
-0.124188 0.965171 0.120815 
-0.103688 0.944209 -0.0810617 
-0.111101 0.831893 -0.1127 
-0.128991 1.23159 -0.122401 
0.0983819 1.40789 -0.158007 
0.123716 1.09941 -0.125505 
0.126404 1.35873 -0.195204 
0.149864 1.20578 0.111755 
0.123956 1.03111 0.134361 
0.213421 1.35016 0.169155 
0.177274 1.08959 0.198343 
0.263537 0.828126 0.187885 
0.403302 0.812903 0.262816 
0.191103 0.688218 -0.0417452 
0.259799 0.766892 0 
0.397062 0.770687 -0.032067 
0.140101 1.20857 -0.0310742 
0.248564 1.34901 0 
0.121235 1.43426 -0.0416096 
0.0852369 0.57073 -0.119532 
0.168263 0.505484 -0.161009 
0.0993648 0.681374 -0.290894 
-0.0458518 1.02401 -0.229295 
-0 0.455814 -0.139712 
-0.0295684 0.393961 -0.112896 
-0.0295769 1.21116 -0.1068 
-0 1.01841 -0.190232 
-0.0411585 1.3648 -0.159691 
-0.328531 0.930617 -0.251999 
-0.180662 0.691369 -0.121479 
-0.171168 0.720646 -0.135389 
-0.149176 0.631769 0.0384893 
-0.151637 0.451238 0 
-0.185319 0.580311 0.0448929 
-0.12932 1.03302 0.0277206 
-0.121277 1.14362 0 
-0.120906 1.10076 0 
-0.117336 0.722365 0.162084 
-0.145116 0.940917 0.27187 
-0.240267 0.942743 0.316456 
0.0762584 1.02588 0.211227 
-0 0.966218 0.294523 
0.0480842 0.371618 0.143641 
0.0263624 1.07667 0.12077 
-0 1.00336 0.223729 
0.0374089 1.10107 0.110558 
0.0259398 1.18825 0.159341 
-0 0.681523 0.109679 
0.0291057 0.681737 0.105648 
0.0799865 0.789677 0.12579 
0.0662799 0.880039 0.130043 
0.0770967 0.61473 0.111513 
0.08131 1.07754 0.113745 
0.0793237 0.953987 0.165556 
0.120904 1.15258 0.203117 
0.0377608 0.528097 0.223096 
-0 0.405734 0.366928 
0.210981 0.461354 0.137214 
0.255616 0.391205 0.427581 
0.230401 0.673118 0.311724 
0.0672961 0.172712 0.10957 
0.217454 0.900474 0.216604 
0.0863237 0.756657 0.191638 
0.0847118 0.850592 0.204288 
-0.231807 0.76246 0.303143 
-0.188501 0.556688 0.196728 
-0.0790568 0.602295 0.445503 
-0.0630518 0.52809 0.217762 
-0.0910741 0.335107 0.723933 
-0.095916 0.342875 0.495813 
-0.0338032 0.63583 0.131876 
-0.0558454 0.392463 0.117797 
-0.029992 0.417567 0.197636 
-0.13723 0.602046 0.0320015 
-0.107857 0.858219 0 
-0.157019 0.944321 0 
-0.222342 1.12702 0.179822 
-0.232184 1.03205 0.0981374 
-0.119449 0.747235 0.0601116 
-0.186765 1.22523 0.117167 
-0.13255 1.47683 0.0624972 
-0.126206 1.23312 0.0780606 
-0.195117 0.310238 0.0340256 
-0.311411 0.447957 0 
-0.104211 0.242038 0.0392651 
-0.344981 0.775479 0.350434 
-0.201414 0.51298 0.259732 
-0.239864 0.454257 0.223588 
-0.214433 0.912419 0.159672 
-0.344383 0.635272 0.295407 
-0.116124 0.458813 0.0743803 
-0.220623 0.2151 -0.196164 
-0.193184 0.708855 -0.540489 
-0.572878 0.194529 -0.325303 
-0.288193 0.571103 -0.0361286 
-0.656725 0.272693 -0.194572 
-0.281362 0.294998 -0.0804058 
-0.145476 0.453294 -0.0353255 
-0.159793 0.963718 -0.121343 
-0.134773 0.590241 -0.0890754 
-0.0314229 0.857067 -0.120502 
-0 0.673636 -0.144535 
-0.026638 0.679216 -0.125157 
-0.143154 1.3146 -0.198288 
-0.0782561 0.874102 -0.164065 
-0.127542 0.809432 -0.117467 
-0.0757137 1.01078 -0.114685 
-0.0618251 0.899727 -0.115811 
-0.0802362 0.901005 -0.113047 
-0.0366218 0.284924 -0.100788 
-0 0.197146 -0.19858 
-0.0980147 0.394577 -0.368919 
-0.271823 0.323377 -0.247799 
-0.120139 0.186889 -0.180116 
-0.107279 0.25391 -0.237381 
-0.172759 1.00398 -0.278737 
-0.118581 0.906406 -0.246197 
-0.245184 0.842172 -0.362563 
0.09877 0.218814 -0.175312 
0.161015 0.240862 -0.100784 
0.131605 0.159444 -0.126845 
0.0345088 0.799015 -0.252814 
0.1158 0.278022 -0.182764 
0.0809348 0.31903 -0.253175 
0.0510149 0.892327 -0.205289 
0.116599 0.76186 -0.2592 
0.049236 0.527003 -0.114002 
0.244956 1.17111 -0.0293117 
0.112512 1.14853 0 
0.135395 1.14715 -0.0459644 
0.124101 0.857269 -0.0791444 
0.0989064 0.614945 -0.0564533 
0.218367 0.929526 -0.114346 
0.120323 1.21039 -0.0911819 
0.131248 0.965354 -0.0544542 
0.115142 0.9678 -0.0781432 
0.364921 0.505656 -0.106965 
0.500553 0.345659 0 
0.289119 0.133841 -0.0780628 
0.358338 0.563381 -0.25864 
0.209025 0.418871 -0.105286 
0.183105 0.411613 -0.323303 
0.165493 0.760736 -0.133969 
0.115318 0.393226 -0.055468 
0.250368 0.68728 -0.333922 
0.447634 0.530225 0.327195 
0.128535 0.708843 0.307681 
0.415223 0.287299 0.488121 
0.1034 0.617438 0.0639995 
0.597755 0.46456 0.311074 
0.127122 0.167505 0.0402698 
0.139188 0.702329 0.0309012 
0.115881 0.460194 0.0661276 
0.242568 0.545204 0.0839432 
0.185649 0.929847 0.162371 
0.109568 0.723207 0.108806 
0.126686 0.811037 0.136267 
0.180852 1.18523 0.0338573 
0.101772 0.614881 0.0560986 
0.133277 0.604971 0.0300296 
0.108982 1.01063 0.0321569 
0.137101 1.16576 0.0697754 
0.215255 1.42431 0.0398726 
0.094539 0.788099 -0.126009 
0.193301 0.995159 -0.194725 
0.0801318 0.614843 -0.108109 
0.0459715 1.19038 -0.130281 
0.156899 0.607212 -0.334679 
0.0457397 1.01116 -0.1568 
0.0354286 1.14442 -0.0990509 
0.113905 1.27745 -0.242562 
0.0927713 1.27679 -0.243356 
-0.201012 0.927085 -0.158475 
-0.103569 0.724212 -0.10744 
-0.135498 0.674336 -0.12214 
-0.124388 0.923352 -0.0401998 
-0.127207 1.21263 -0.10186 
-0.199737 1.07137 -0.0546464 
-0.160283 1.23041 -0.0410624 
-0.119014 1.07633 -0.0636369 
-0.117578 0.966121 -0.0702039 
-0.0757997 0.614651 0.112521 
-0.123346 0.922282 0.127386 
-0.239298 0.567709 0.238167 
-0.025011 0.72464 0.106012 
-0.0591299 0.614524 0.100998 
-0.0406106 0.735945 0.166375 
-0.0333138 1.27097 0.171975 
-0.114737 1.33454 0.28492 
-0.0518219 1.35099 0.238072 
-0.0765365 1.05602 0.132403 
-0 0.788625 0.126863 
-0 1.20939 0.133745 
-0.0915106 0.756165 0.191093 
-0 0.504665 0.109166 
-0.38048 0.72245 0.533565 
-0.0780554 1.05353 0.165477 
-0.158444 1.18672 -0.0905289 
-0.152368 1.47483 -0.0529488 
-0.140667 1.1036 -0.0538548 
-0.17333 0.831782 0 
-0.128712 0.498452 -0.0890783 
-0.213902 1.21795 -0.259681 
0.0687108 0.982753 -0.172502 
-0 0.987096 -0.153737 
-0 1.53016 -0.236191 
0.083487 0.619376 -0.177036 
-0 0.610309 -0.201079 
0.112295 0.503714 -0.104587 
0.482065 1.10271 0.171854 
0.106354 1.32508 0 
0.131121 1.14258 0 
0.222855 0.956103 0.0863126 
0.200304 0.685189 0 
0.120925 0.496706 0.122048 
0.193284 1.18086 0.131747 
0.37881 0.81328 0.162585 
0.244919 0.732116 0 
0.43628 -0.000476356 0.262359 
0.55001 -0.000449063 0.140331 
0.29795 -0.000442864 -0 
0.237791 -0.000249058 0.32501 
0.232417 -0.000234928 0.225966 
0.348828 0.763519 0.133037 
0.233404 0.589262 -0.118821 
0.194521 0.706093 -0.190783 
0.222722 0.539327 -0.303131 
0.110636 0.6924 -0.179879 
0.321086 -0.000364035 -0.296608 
0.50708 -0.000217485 -0.306948 
0.155223 0.21346 -0.158994 
0.17059 -0.000310158 -0.284294 
0.427968 -0.000372975 -0.0713862 
0.324214 1.13475 -0.12897 
0.105529 0.901098 -0.105975 
0.240308 1.15922 -0.213823 
0.184996 1.12489 -0.148635 
0.185209 1.02985 -0.105696 
0.225638 1.04686 -0.239319 
0.195282 0.643329 -0.386655 
-0 0.344621 -0.143837 
0.643271 -0.000565332 -0.180493 
0.42401 -0.00152131 -0.117441 
-0 -0.000273703 -0.164618 
0.121438 -9.9422e-05 -0.160344 
0.13935 -0.000474376 -0.699393 
-0.159562 0.767056 -0.461712 
-0.36826 0.855125 -0.199568 
-0.257118 0.698106 -0.422816 
-0.150301 0.898211 -0.162094 
-0.0848686 -0.000104877 -0.154132 
-0.129026 -0.00017859 -0.224227 
-0.340831 0.424031 -0.144742 
-0.333874 -0.00046166 -0.500592 
-0.0457534 -0.000446448 -0.363769 
-0.0593834 0.790449 -0.113745 
-0.171736 1.08386 -0.175646 
-0.299278 1.04514 -0.264457 
-0.0524324 0.63757 -0.121128 
-0.133445 0.861671 -0.207056 
-0.203839 0.460528 -0.0910703 
-0.248179 0.59015 0 
-0.685013 -0.000137141 -0.172911 
-0.360051 -0.000374731 -0.0736316 
-0.231285 -0.000236086 -0 
-0.556788 -0.000750732 -0.484564 
-0.621489 -0.000187264 -0.375444 
-0.455391 0.632311 0.297508 
-0.108735 0.394521 0.105697 
-0.366487 0.630085 0.306991 
-0.15449 0.767887 0.0896302 
-0.692838 -0.000316184 0.12715 
-0.105852 -0.000147466 0.140071 
-0.553713 -0.00055935 0.584495 
-0.211433 0.281912 0.516559 
-0.315442 -0.000724189 0.178789 
-0.127267 0.789099 0.0846212 
-0.137006 0.920994 0.123719 
-0.131737 1.09502 0.154261 
-0.232719 1.37922 0.201438 
-0.217371 0.612234 0.261727 
-0.260705 1.03847 0.232458 
-0.188108 1.31839 0.0530373 
-0.082246 0.547371 0.147555 
-0 0.684498 0.477048 
-0.118166 -0.000538897 0.355484 
-0.0721257 -0.000542454 0.696056 
-0 -0.000126432 0.164617 
-0.21329 -0.000166425 0.261342 
-0.628044 -0.00058883 0.473002 
0.213046 0.5664 0.244902 
0.116396 0.283242 0.103649 
0.125755 0.388655 0.10958 
0.0859062 1.02625 0.22516 
0.222455 -0.000440264 0.741652 
0.529426 -0.000335433 0.493021 
0.346103 0.457872 0.518878 
0.52094 -0.000548977 0.613242 
0.342604 -0.00148139 0.683821 
0.0977417 0.919889 0.117705 
0.455071 1.14626 0.216265 
0.112758 0.720545 0.117218 
0.12793 1.40424 0.17915 
0.133906 0.782695 0.29931 
0.272328 1.17209 0.257419 
0.0613641 1.20892 0.135845 
-0.212071 0.248265 0.160589 
-0.158408 1.20554 0.0371207 
-0.160824 0.399181 -0.139413 
-0.0534105 0.940132 -0.121654 
0.153833 0.462733 -0.17689 
0.101662 0.94452 -0.0507454 
0.103715 0.944347 0.0515553 
0.352753 1.13135 -0.365259 
0.0765603 1.07391 -0.127095 
-0.0797416 1.26542 0.192537 
-0.155952 1.52524 0.239736 
-0.11462 0.942278 -0.103646 
0.225122 1.39157 -0.16503 
0.130288 1.27463 0.138233 
-0.11648 1.54227 -0.151006 
-0.120516 1.20158 0.17467 
Echo 3
0.15527 2.4046 -0.29904 
0.301332 2.42286 -0.626746 
0.300096 2.52086 -0.402253 
0.352972 2.48917 -0.492315 
0.47693 2.52254 -0.571019 
0.199873 2.77997 -0.21352 
0.245231 2.2848 -0.263772 
0.238586 1.98053 -0.531723 
0.152131 2.00696 -0.933074 
0.311499 1.80878 -0.594177 
0 1.9426 -0.619165 
0.528479 2.38174 -0.534136 
0.531898 2.27047 -0.711558 
0.433367 1.93771 -0.711701 
0.646552 1.85393 -0.646682 
0.549297 2.07775 -0.542369 
-0.3845 2.03367 -0.705977 
-0.309568 1.64742 -0.622869 
-0.474467 1.94716 -0.823989 
-0.578639 2.0886 -0.594205 
0 1.98012 -0.533586 
-0.336152 1.98473 -0.90204 
-0.246547 2.33777 -0.482407 
-0.400319 2.28002 -0.211139 
-0.417627 2.0763 -0.249343 
-0.279414 2.20456 -0.295773 
-0.40134 2.50407 -0.412388 
-0.405269 2.2227 -0.432402 
-0.207238 2.64302 -0.237675 
-0.260112 2.48825 -0.276246 
-0.543521 2.03972 -0.283062 
-0.72735 1.89946 -0.17883 
-0.611784 2.006 -0.342336 
-0.755872 2.24943 -0.0219016 
-0.476124 2.02557 -0.598805 
-0.570911 1.88907 -0.554637 
-0.72712 2.06583 -0.487404 
-0.754896 2.17886 -0.605246 
-0.477447 2.03232 -0.538674 
-0.696704 2.04205 0.335475 
-0.888455 2.15661 0.465666 
-0.705099 1.99627 0.490786 
-0.547208 1.8821 0.572084 
-0.473147 2.05431 -0.0158098 
-0.759787 1.95763 0.152788 
-0.490934 2.46862 0.245167 
0.372012 2.79581 0.175621 
0.417455 2.08474 0.193851 
0.319631 2.40047 0.278238 
0.596849 2.57483 0.400924 
0.495898 2.55456 0.633621 
0.263866 2.97018 0.2438 
0.304829 2.75374 0.221293 
0.521478 2.3741 0.331101 
0.599412 1.66442 0.137977 
0.572642 1.67733 0.27212 
0.6371 2.27443 -0.018233 
0.475537 1.85132 0.465872 
0.623013 1.86022 0.541937 
0.755129 2.18152 0.550105 
0.577479 1.86877 0.6159 
0.611047 2.51023 0.46142 
0.590298 1.80543 -0.293613 
0.663938 2.05963 -0.377163 
0.7704 2.07266 -0.654472 
0.578626 2.08767 -0.599333 
0.492463 2.05294 -0.0164196 
0.739475 1.891 -0.188809 
0.448799 2.00121 -0.253017 
-0.162021 2.26884 0.272281 
-0.189175 2.02955 0.359329 
-0.368987 2.79308 0.341734 
-0.327551 2.18281 0.324958 
-0.603286 2.20405 0.928788 
-0.249289 2.66137 0.464908 
-0.327748 2.74526 0.27858 
-0.272006 2.16593 0.57344 
-0.162577 2.03889 0.732938 
-0.41175 2.26444 0.586758 
0 2.196 0.68389 
-0.511417 1.90661 0.48682 
-0.664098 2.31631 0.700895 
-0.419916 2.14995 0.669473 
-0.76012 2.224 0.718753 
-0.727197 1.98719 0.626439 
0.292561 1.94311 0.722348 
0.28531 1.67616 0.563424 
0.710039 2.07991 0.827321 
0.514028 2.09137 0.579992 
0 1.98664 0.470805 
0.146396 1.80433 0.600549 
0.220776 1.93844 0.419442 
0.186924 1.80369 -0.355769 
0.511172 2.08763 -0.635954 
0.424152 1.91209 -0.417515 
0.504937 2.10576 -0.49378 
0.596762 2.02122 -0.736569 
0.233675 1.8915 -0.256874 
0.294474 1.87987 -0.31855 
0.314463 1.62008 -0.611158 
0.263287 1.27205 -1.18449 
0.442757 1.64402 -1.15429 
0 1.2727 -0.675992 
0.608716 1.86877 -0.712094 
0.679078 1.4457 -0.69714 
0.634133 1.68602 -0.902235 
0.699803 1.37667 -0.758283 
0.864407 1.80032 -0.6273 
-0.36585 1.5206 -0.715909 
-0.438568 1.58854 -0.703917 
-0.536067 1.34283 -0.831979 
-0.614624 1.47578 -0.667567 
0 1.82062 -0.645554 
-0.1799 1.32855 -0.716746 
-0.254749 1.50457 -0.517656 
-0.417804 2.12923 -0.22086 
-0.520949 1.61893 -0.256255 
-0.364303 1.86014 -0.406894 
-0.455805 1.81826 -0.526313 
-0.454166 1.58149 -0.459354 
-0.258315 2.02333 -0.264049 
-0.320226 2.21162 -0.346995 
-0.574403 1.88257 -0.399122 
-0.67559 1.26673 -0.192223 
-1.17126 1.62164 -0.369828 
-1.03291 1.66894 -0.0221283 
-0.558462 1.40273 -0.60946 
-0.693165 1.48315 -0.761469 
-0.699543 1.26983 -0.535508 
-0.68702 1.25628 -0.690342 
-0.521861 1.48956 -0.537061 
-0.949938 1.8141 0.482474 
-0.791301 1.43271 0.325326 
-0.890566 1.63581 0.725648 
-0.907379 1.43693 0.783445 
-0.793311 1.58299 -0.0262179 
-0.717567 1.53326 0.157911 
-0.646572 1.85082 0.387185 
0.359445 2.06816 0.201913 
0.712325 1.95485 0.336646 
0.336955 1.80422 0.336074 
0.514483 2.10625 0.447535 
0.583334 1.60364 0.52951 
0.255408 2.02417 0.23135 
0.289515 1.94953 0.270674 
0.837402 1.78953 0.382276 
1.09181 1.59542 0.266223 
0.730798 1.38767 0.339336 
0.997988 1.51699 -0.0402024 
0.652223 1.48841 0.640219 
0.676093 1.37745 0.636097 
0.715338 1.32693 0.54104 
0.768892 1.74168 0.880317 
0.54003 1.55853 0.511216 
0.610312 1.6822 -0.35437 
0.783504 1.70229 -0.485768 
0.878721 1.75267 -0.689369 
0.689245 1.45854 -0.646646 
0.638162 1.53852 -0.0153752 
0.969889 1.78988 -0.226371 
0.561153 1.62044 -0.308916 
-0.203499 1.834 0.428451 
-0.367632 1.91987 0.606181 
-0.507156 1.83642 0.432448 
-0.437273 2.17935 0.494673 
-0.882904 1.67016 0.795105 
-0.468254 2.2856 0.335616 
-0.403434 2.30929 0.441314 
-0.419244 1.7268 0.780393 
-0.170436 1.25792 0.677679 
-0.38637 1.25094 0.745339 
0 1.40031 0.686633 
-0.703415 1.91685 0.693018 
-0.678141 1.52348 0.668571 
-0.818947 1.64682 0.917145 
-0.710234 1.3833 0.708191 
-0.650772 2.0122 0.557642 
0.330179 1.6813 0.622125 
0.384489 1.33041 0.781117 
0.595991 1.52523 0.744162 
0.618068 1.34645 0.595315 
0 1.7124 0.722343 
0.217158 1.4788 0.92373 
0.627047 1.96929 0.611463 
0.252404 1.63366 -0.47757 
0.32479 1.76427 -0.765035 
0.412539 1.43802 -0.448335 
0.48447 1.3521 -0.507646 
0.824876 1.34546 -0.812601 
0.344036 2.06662 -0.392862 
0.577583 1.9381 -0.42855 
0.326604 1.03469 -0.681105 
0.213105 1.08907 -0.949223 
0.478326 1.13172 -0.983992 
0 1.10845 -1.29016 
0.735205 1.28612 -0.882235 
0.962358 1.06349 -0.812739 
0.725784 0.891453 -0.888729 
0.95619 0.885072 -0.928625 
0.620936 1.10086 -0.614556 
-0.432488 1.22296 -1.02858 
-0.493224 1.02426 -0.99701 
-0.669017 0.992229 -0.969363 
-0.93157 1.03015 -0.900535 
0 1.49734 -0.947765 
-0.248933 1.18359 -1.23504 
-0.322851 1.46543 -0.818558 
-0.459451 1.83842 -0.27047 
-0.899619 1.22549 -0.339594 
-0.630505 1.41878 -0.615916 
-0.483522 1.28221 -0.493844 
-0.574806 1.36125 -0.671647 
-0.522206 1.59395 -0.663976 
-0.646705 1.95705 -0.524729 
-0.791733 1.15739 -0.449668 
-0.961103 0.957308 -0.286338 
-1.26173 1.21269 -0.551249 
-0.860077 0.891694 -0.0161186 
-0.985185 1.04637 -1.1314 
-0.810035 1.09218 -0.844646 
-0.822815 1.07293 -0.802815 
-1.01285 1.02812 -0.984189 
-0.816175 1.66254 -0.743033 
-0.741673 0.938466 0.346901 
-0.98171 0.86022 0.494795 
-0.849315 0.918593 0.611318 
-0.706604 0.976204 0.783857 
-0.697189 1.16676 -0.0158184 
-0.764368 0.874132 0.184626 
-0.774031 1.60074 0.441161 
0.456624 1.49538 0.231999 
0.625683 1.71867 0.37643 
0.557931 1.80159 0.512708 
0.647433 1.85129 0.576791 
0.528848 1.20684 0.517941 
0.330415 1.80138 0.326087 
0.39452 1.71602 0.389821 
0.915319 1.50698 0.314567 
0.843674 0.895436 0.224457 
0.877871 1.43428 0.558951 
0.848816 0.904184 -0.0165815 
0.794938 1.36979 0.814019 
0.862097 1.07118 0.78735 
0.865312 0.897989 0.615012 
0.864345 0.931007 0.856027 
0.743858 1.53861 0.724808 
0.918139 1.1003 -0.497709 
0.934852 1.03172 -0.563722 
1.02609 1.1344 -0.618257 
0.783985 0.919673 -0.88702 
0.95582 1.06529 -0.0273656 
0.824736 0.918975 -0.233183 
0.659862 1.23015 -0.364827 
-0.259335 1.67142 0.54339 
-0.351994 1.59624 0.766486 
-0.460416 1.72731 0.581245 
-0.510133 1.55296 0.665793 
-0.552592 1.26431 0.5434 
-0.293517 1.7417 0.306447 
-0.814302 1.75072 0.366694 
-0.361697 1.19288 0.769802 
-0.255063 0.838697 1.13425 
-0.47994 1.39026 0.84837 
0 0.981897 0.943802 
-0.710553 1.28656 1.04746 
-1.11113 1.28139 1.02747 
-0.59486 0.863135 0.805333 
-0.814356 0.888554 0.830196 
-0.618407 1.17736 0.606733 
0.476615 1.37497 1.01344 
0.625119 1.19363 1.2259 
0.665261 0.901576 0.808649 
0.874138 1.14261 0.936509 
0 1.11575 0.763822 
0.210094 0.934364 0.780648 
0.367529 1.40888 0.739351 
0.670585 1.43167 0.674094 
-0.20822 1.87729 0.492072 
0.613461 1.24052 -0.667301 
0.333756 1.80745 0.141214 
-0.650643 1.16685 0.585633 
-0.525174 1.98807 -0.346346 
-0.629896 1.23062 -0.678635 
0.173242 1.92257 -0.431473 
0.796709 1.87034 0.549708 
-0.127705 2.35728 0.270496 
0.750594 1.88415 -0.644885 
0.303361 2.48948 0.110986 
-0.548976 1.82541 0.564636 
-0.232196 1.89382 -0.129059 
-0.966922 1.43968 -0.745909 
0.116838 2.0271 -0.252361 
0.542892 2.52784 0.455148 
-0.0973801 2.7109 0.213878 
0.655438 2.31277 -0.764664 
0.209383 2.84674 0.0779878 
-0.527963 2.3872 0.502049 
-0.190229 2.44693 -0.108441 
-0.52639 2.44264 -0.592747 
0.09981 2.84545 -0.239355 
0.402067 2.93104 0.405206 
-0.0654096 2.92078 0.116652 
0.371326 2.53584 -0.378329 
0.142386 3.18711 0.0583264 
-0.346947 2.40503 0.33644 
-0.237349 3.23708 -0.148478 
-0.352879 2.53858 -0.369012 
0.195334 2.83592 -0.641942 
-0.26846 2.72533 -0.277251 
0.0774876 3.34837 -0.13417 
-0.376114 2.891 0.323609 
-0.0863302 3.08485 -0.0563914 
0.273877 3.05505 -0.331507 
0.0855116 3.35159 0.0286206 
0.276077 3.05891 0.258255 
-0.0398771 2.95162 0.0664036 
0.121724 3.22512 0.101744 
0.116825 3.02514 -0.132144 
-0.130868 3.22477 0.104411 
-0.114232 2.95845 -0.132793 
-0.181338 2.9619 -0.221382 
-0.196923 2.96294 0.16685 
0.182149 3.16339 -0.215032 
0.167583 2.76462 0.156683 
-0.243967 2.49258 -0.242864 
-0.242209 2.88899 0.283329 
0.238033 2.35872 -0.251148 
0.248799 2.75707 0.259652 
-0.343385 2.33471 -0.410853 
-0.374792 2.12948 0.345462 
0.311308 2.27922 -0.350158 
0.362659 2.40238 0.371909 
-0.505549 1.84081 -0.586146 
-0.697814 1.57779 0.661445 
0.353662 1.45884 -0.357839 
0.356212 1.59271 0.348638 
0.440835 2.86351 0.454221 
0.55885 2.87325 -0.563529 
-0.361956 2.48441 0.348747 
-0.516736 2.69324 -0.471982 
-0.540554 2.37787 -0.596588 
-0.491905 2.0639 0.450806 
0.473907 2.13362 -0.507695 
0.593955 2.38092 0.476697 
-0.644004 1.77508 -0.654684 
-0.586123 1.98995 0.674244 
0.74391 1.77504 -0.67828 
0.661155 1.77102 0.612562 
-0.710076 1.40181 -0.836737 
-0.780306 1.63736 1.03267 
0.857648 1.43663 -0.788501 
0.940077 1.60103 1.08827 
-1.04383 0.938697 -0.876016 
-0.794999 0.829463 0.790565 
0.793064 0.848986 -0.808137 
1.14887 1.33971 0.830307 
-0.0855018 1.30017 0.13951 
-0.143159 1.13917 0.127091 
-0.123531 0.897563 0.117809 
-0.130915 1.21013 -0.077004 
-0.150022 1.35161 -0.228121 
-0.10852 0.834454 -0.0787098 
0.0950324 1.14291 -0.124447 
0.139674 1.43131 -0.15285 
0.0939178 0.965657 -0.127538 
0.142426 1.27572 0.0894065 
0.146491 1.09454 0.14559 
0.154634 1.09285 0.12883 
0.121266 0.500859 0.0901577 
0.222241 0.95994 0.274448 
0.222798 0.483467 0.116501 
0.119697 0.637762 -0.024923 
0.257169 0.907679 0 
0.192341 0.853497 -0.0497249 
0.142815 1.1408 -0.0293455 
0.131882 1.30047 0 
0.18118 1.22678 -0.0483914 
0.199006 0.94075 -0.232938 
0.252586 0.837511 -0.144228 
0.175893 0.978767 -0.212579 
-0.0689435 1.03353 -0.164974 
-0 0.769995 -0.505001 
-0.0306349 0.39296 -0.11639 
-0.0285536 1.27623 -0.13512 
-0 1.10112 -0.114928 
-0.035312 1.23316 -0.136582 
-0.129053 0.388493 -0.0892764 
-0.297439 0.517826 -0.256362 
-0.120658 0.386769 -0.12272 
-0.108954 0.504683 0.0259882 
-0.46298 0.492758 0 
-0.116465 0.393002 0.0299469 
-0.185581 1.36177 0.0297159 
-0.13588 1.47678 0 
-0.127338 1.03326 0 
-0.145343 0.62629 0.235974 
-0.296448 0.984342 0.250084 
-0.222004 0.724152 0.434197 
0.0357691 0.635156 0.135035 
-0 0.567822 0.216972 
0.0428674 0.756419 0.284809 
0.0257548 1.07689 0.118746 
-0 1.35139 0.239078 
0.024488 1.09673 0.154459 
0.0330661 0.974552 0.203431 
-0 0.946917 0.135745 
0.0473804 1.16779 0.344243 
0.0970682 1.0413 0.216516 
0.0534427 0.614057 0.110354 
0.0912827 0.680539 0.11198 
0.212761 1.18627 0.316458 
0.0728374 1.16665 0.124123 
0.133519 1.08491 0.187964 
0.0355473 0.280325 0.122735 
-0 0.159831 0.14187 
0.0966763 0.594637 0.443784 
0.193312 0.198173 0.401209 
0.208316 0.600644 0.435195 
0.223892 0.249216 0.345021 
0.23648 0.659346 0.2593 
0.109145 0.858374 0.2935 
0.060811 0.391953 0.117062 
-0.193332 0.514455 0.345081 
-0.116268 0.280574 0.200213 
-0.368458 0.220613 0.349337 
-0.12313 0.770364 0.314154 
-0.315221 0.655681 0.372605 
-0.241655 0.66626 0.153185 
-0.0409138 0.895319 0.194043 
-0.125969 0.914199 0.206747 
-0.0578838 0.778127 0.220909 
-0.117903 1.21499 0.0350393 
-0.155274 1.32266 0 
-0.145996 1.14678 0 
-0.202944 1.20467 0.138089 
-0.215454 1.04016 0.0714513 
-0.181618 1.14273 0.0606503 
-0.174393 1.16077 0.101979 
-0.107881 0.943814 0.0524103 
-0.139909 0.892622 0.0722568 
-0.306564 0.559917 0.0479569 
-0.48552 0.652109 0 
-0.428852 0.436216 0.0651495 
-0.252605 0.709592 0.221155 
-0.130418 0.293568 0.120592 
-0.247693 0.242295 0.254 
-0.205123 0.715855 0.0815537 
-0.294985 1.00356 0.0978991 
-0.167083 0.584231 0.0848411 
-0.652885 0.38914 -0.326433 
-0.130302 0.475391 -0.165402 
-0.179814 0.29494 -0.362688 
-0.129848 0.277622 -0.0308864 
-0.149583 0.269502 -0.157554 
-0.382879 0.63329 -0.0926228 
-0.144615 0.453426 -0.0373658 
-0.201715 0.825208 -0.0550151 
-0.114612 0.461267 -0.0564516 
-0.049139 1.25455 -0.161793 
-0 0.615127 -0.103667 
-0.0388233 0.739773 -0.15529 
-0.0907325 0.989009 -0.142425 
-0.063689 0.680331 -0.113321 
-0.143253 0.792699 -0.184926 
-0.0857533 1.1439 -0.118805 
-0.0576026 1.23337 -0.134612 
-0.0755919 1.16505 -0.153254 
-0.0384889 0.468532 -0.192099 
-0 0.152661 -0.148906 
-0.17107 0.661511 -0.442093 
-0.226798 0.43612 -0.486835 
-0.0987618 0.361169 -0.310983 
-0.120189 0.695624 -0.417543 
-0.150641 0.816927 -0.365611 
-0.129668 0.582294 -0.299291 
-0.1279 0.774 -0.233247 
0.256207 0.444493 -0.475776 
0.299529 0.85437 -0.123716 
0.209069 0.463954 -0.246742 
0.0825465 0.644746 -0.281021 
0.105831 0.306619 -0.268512 
0.0362894 0.299951 -0.284408 
0.0661405 0.952624 -0.235234 
0.0518158 0.392418 -0.118893 
0.0375331 0.457456 -0.131941 
0.139699 1.05606 -0.0376591 
0.122214 1.01474 0 
0.201635 1.20698 -0.0436892 
0.168099 1.04841 -0.134368 
0.358849 0.846597 -0.105478 
0.406887 0.595617 -0.202212 
0.170809 1.40672 -0.0902571 
0.163377 1.2968 -0.0767706 
0.110628 0.834266 -0.0784401 
0.104084 0.617933 -0.0585318 
0.416155 0.352049 0 
0.590303 0.287269 -0.126926 
0.195408 0.782625 -0.258609 
0.438507 0.513164 -0.124217 
0.598597 0.490699 -0.305131 
0.127968 0.702952 -0.101582 
0.202444 0.642747 -0.0922673 
0.247688 0.90834 -0.133937 
0.255353 0.52886 0.210783 
0.160811 0.477211 0.124589 
0.502217 0.147006 0.539737 
0.41402 0.554258 0.100444 
0.360657 0.273092 0.173035 
0.32838 0.242841 0.0412131 
0.193528 0.962446 0.0599683 
0.345631 0.94389 0.121377 
0.150196 0.450286 0.0440808 
0.110167 0.680953 0.0888771 
0.10364 0.724623 0.103872 
0.125414 0.942948 0.159747 
0.338036 1.05709 0.0595615 
0.200471 0.934667 0.0718507 
0.159263 0.808062 0.0337686 
0.0996491 0.944611 0.025842 
0.140138 1.03072 0.0696483 
0.139751 1.03149 0.0317716 
0.100652 0.917655 -0.159518 
0.158836 0.870832 -0.158272 
0.116236 0.807585 -0.150594 
0.0249318 0.923377 -0.128482 
0.0548346 0.614881 -0.10352 
0.0368879 0.665594 -0.160889 
0.0262997 1.21088 -0.114934 
0.057189 0.967597 -0.111443 
0.058927 1.42134 -0.227142 
-0.189654 0.798491 -0.108297 
-0.103838 0.724742 -0.10207 
-0.17524 1.06663 -0.199073 
-0.124197 0.856719 -0.0269908 
-0.132717 0.879776 -0.0661654 
-0.148558 0.878163 -0.0273944 
-0.546534 0.846403 -0.126665 
-0.135756 1.07406 -0.0601237 
-0.108823 1.10127 -0.0572993 
-0.195289 1.07475 0.364622 
-0.234209 1.30873 0.153079 
-0.263649 1.11491 0.207312 
-0.0591253 1.20398 0.345361 
-0.063542 0.797573 0.192631 
-0.0259187 0.613403 0.113975 
-0.0469363 1.47394 0.163755 
-0.0571376 1.35072 0.241597 
-0.0365982 1.16772 0.113932 
-0.104656 1.28229 0.326382 
-0 0.791292 0.109546 
-0 1.33578 0.371565 
-0.112471 0.832279 0.133435 
-0 0.632546 0.148151 
-0.207477 0.645803 0.204819 
-0.148075 1.18585 0.130243 
-0.153898 1.18822 -0.0748437 
-0.145536 1.54284 -0.0362091 
-0.16747 0.552527 -0.0311864 
-0.158906 0.629433 0 
-0.122063 0.501978 -0.0839085 
-0.127978 0.989939 -0.0982089 
0.0763564 1.04996 -0.175309 
-0 0.857192 -0.120473 
-0 0.944406 -0.103606 
0.135581 1.08771 -0.224624 
-0 0.579361 -0.240372 
0.232268 0.641414 -0.207847 
0.165757 1.18626 0.0846645 
0.10588 0.724657 0 
0.148273 1.40893 0 
0.182798 0.829745 0.0578146 
0.117675 0.50263 0 
0.169092 0.694523 0.124998 
0.111463 0.724316 0.0795275 
0.192597 0.526405 0.137974 
0.223338 0.454781 0 
0.519959 -0.000515208 0.475483 
0.162199 -0.000146208 0.0422778 
0.564617 -0.00047917 -0 
0.48215 -0.000311866 0.209265 
0.129503 -0.000161729 0.134646 
0.233117 0.445414 0.129306 
0.18912 0.268335 -0.133085 
0.108525 0.518732 -0.160894 
0.140911 0.25185 -0.137293 
0.170655 0.754167 -0.178339 
0.512311 -0.000586388 -0.384758 
0.420613 -0.000647598 -0.41539 
0.360972 0.275805 -0.217663 
0.413295 -0.000152781 -0.344036 
0.155609 -0.000405406 -0.0579514 
0.111117 0.85791 -0.0559105 
0.167816 1.35874 -0.177991 
0.308723 0.779647 -0.207497 
0.14791 1.47507 -0.129298 
0.185226 1.0309 -0.093401 
0.115921 0.745735 -0.127217 
0.0994899 0.464842 -0.189238 
-0 0.869184 -0.247171 
0.127645 -0.000159748 -0.205604 
0.117702 -0.000243874 -0.417987 
-0 -0.000348867 -0.497952 
0.225201 -0.000124237 -0.137763 
0.311188 -0.000443068 -0.580444 
-0.23099 0.695136 -0.415088 
-0.180816 0.7828 -0.169707 
-0.198799 0.346046 -0.215418 
-0.319414 0.988474 -0.403598 
-0.310063 -0.000316191 -0.484748 
-0.0870291 -0.000360088 -0.369343 
-0.390257 0.207371 -0.612745 
-0.207943 -0.000160857 -0.173316 
-0.114992 -0.000179912 -0.418764 
-0.0741034 0.96814 -0.218699 
-0.164837 1.41846 -0.22893 
-0.11319 0.720544 -0.116881 
-0.198945 1.01499 -0.173361 
-0.140023 1.14274 -0.171141 
-0.139789 0.345721 -0.0578398 
-0.204736 0.535198 0 
-0.657852 -0.00047879 -0.264641 
-0.363861 -0.000149621 -0.0445747 
-0.297952 -0.000235335 -0 
-0.334082 -0.000200285 -0.221862 
-0.255844 -0.00028881 -0.202481 
-0.16336 0.404835 0.0856848 
-0.176388 0.833134 0.414003 
-0.133243 0.41198 0.138935 
-0.208072 0.749589 0.13328 
-0.629255 -0.000372563 0.095465 
-0.583899 -0.000278103 0.535202 
-0.18362 -0.000162857 0.20012 
-0.431061 0.331441 0.338024 
-0.466757 -0.000618288 0.17935 
-0.150934 0.920344 0.0887797 
-0.182448 1.04672 0.143944 
-0.12708 1.09745 0.141215 
-0.112426 1.13445 0.145891 
-0.175419 0.895009 0.15947 
-0.155798 0.734521 0.144067 
-0.150613 0.919752 0.0326379 
-0.115994 0.868661 0.2338 
-0 0.549494 0.427856 
-0.0655854 -0.000143823 0.297259 
-0.198617 -0.000988034 0.530912 
-0 -0.000105209 0.164617 
-0.148781 -0.00011239 0.141087 
-0.181364 -0.000164592 0.271419 
0.180439 0.557114 0.288837 
0.240651 0.64568 0.223359 
0.269417 0.876154 0.275235 
0.0843975 0.503169 0.117185 
0.190268 -0.00016892 0.399859 
0.110721 -0.00013403 0.158307 
0.279265 0.472644 0.444106 
0.723114 -0.000580415 0.329499 
0.0818447 -0.000562576 0.358375 
0.12773 0.977882 0.151628 
0.127866 1.03073 0.134089 
0.17299 0.914008 0.111282 
0.169014 1.47285 0.130842 
0.284406 0.757673 0.251733 
0.136136 0.877803 0.13467 
0.0548198 1.34242 0.143144 
-0.388253 0.762228 0.353965 
-0.14453 1.47601 0.0383354 
-0.367637 0.734039 -0.232077 
-0.200908 1.46688 -0.371011 
0.301538 0.616376 -0.490859 
0.130161 1.14265 -0.0540327 
0.200555 1.26403 0.0698775 
0.12721 0.986297 -0.150679 
0.0548906 1.01089 -0.10678 
-0.190836 1.34955 0.302757 
-0.131849 1.54199 0.114249 
-0.137557 1.20744 -0.129577 
0.389287 1.29846 -0.411507 
0.119913 1.47524 0.150812 
-0.198923 1.46662 -0.155412 
-0.119115 1.13939 0.146215 
Echo 4
